0.1 1 0.0 0.37109375
0.1 2 0.0010008811950683594 0.3828125
0.1 3 0.0 0.41796875
0.1 4 0.0009999275207519531 0.5546875
0.1 5 0.003999948501586914 0.5625
0.1 6 0.00999593734741211 0.5703125
0.1 7 0.015999794006347656 0.55859375
0.1 8 0.03900003433227539 0.625
0.1 9 0.12299489974975586 0.7734375
0.1 10 0.45145130157470703 0.77734375
0.1 11 1.5371794700622559 1.17578125
0.1 12 6.077658653259277 2.0703125
0.1 13 23.15102791786194 3.73046875
0.1 14 101.71191072463989 5.91796875
0.2 1 0.0 0.359375
0.2 2 0.0010001659393310547 0.3828125
0.2 3 0.00099945068359375 0.56640625
0.2 4 0.0029997825622558594 0.56640625
0.2 5 0.005999565124511719 0.578125
0.2 6 0.013000011444091797 0.5546875
0.2 7 0.03300046920776367 0.609375
0.2 8 0.0749974250793457 0.6875
0.2 9 0.24500298500061035 0.734375
0.2 10 0.7730114459991455 0.81640625
0.2 11 2.895026683807373 1.1796875
0.2 12 11.224034786224365 2.48046875
0.2 13 44.65701985359192 4.41796875
0.2 14 181.524028301239 6.8671875
0.5 1 0.09100532531738281 0.5859375
0.5 2 0.002010345458984375 0.55078125
0.5 3 0.004003286361694336 0.57421875
0.5 4 0.00701141357421875 0.46484375
0.5 5 0.014999866485595703 0.58984375
0.5 6 0.02884650230407715 0.59765625
0.5 7 0.06901168823242188 0.69140625
0.5 8 0.1720130443572998 0.73828125
0.5 9 0.5726358890533447 0.80859375
0.5 10 1.7782609462738037 1.109375
0.5 11 6.645211219787598 1.73046875
0.5 12 26.856521606445312 2.47265625
0.5 13 109.26602220535278 4.32421875
0.5 14 452.4881691932678 7.3671875
0.6 1 0.0010001659393310547 0.40234375
0.6 2 0.0010111331939697266 0.45703125
0.6 3 0.003987312316894531 0.47265625
0.6 4 0.007000923156738281 0.46484375
0.6 5 0.015100717544555664 0.48828125
0.6 6 0.032000064849853516 0.4765625
0.6 7 0.07499980926513672 0.6171875
0.6 8 0.19501018524169922 0.671875
0.6 9 0.593855619430542 0.7734375
0.6 10 1.9750258922576904 0.99609375
0.6 11 7.583026647567749 2.14453125
0.6 12 29.510027170181274 2.55859375
0.6 13 117.0590238571167 4.2890625
0.6 14 494.450026512146 6.57421875
0.7 1 0.0009992122650146484 0.4453125
0.7 2 0.0021114349365234375 0.45703125
0.7 3 0.00408482551574707 0.52734375
0.7 4 0.008997201919555664 0.4765625
0.7 5 0.014995574951171875 0.46484375
0.7 6 0.031000375747680664 0.5234375
0.7 7 0.08300304412841797 0.59765625
0.7 8 0.201002836227417 0.6484375
0.7 9 0.632002592086792 0.71875
0.7 10 2.2100019454956055 1.3359375
0.7 11 8.177003622055054 2.2578125
0.7 12 32.396000385284424 2.8515625
0.7 13 127.96602725982666 3.34375
0.7 14 692.3072366714478 7.62109375
0.9 1 0.0009984970092773438 0.46875
0.9 2 0.003002166748046875 0.4765625
0.9 3 0.00400090217590332 0.46484375
0.9 4 0.01199793815612793 0.5078125
0.9 5 0.01699972152709961 0.46484375
0.9 6 0.036019325256347656 0.48828125
0.9 7 0.08900833129882812 0.59765625
0.9 8 0.23099112510681152 0.67578125
0.9 9 0.7220122814178467 0.7265625
0.9 10 2.534027338027954 1.24609375
0.9 11 9.664024829864502 2.24609375
0.9 12 36.991026878356934 2.9453125
0.9 13 150.54699778556824 4.609375
0.9 14 640.9194142818451 8.1171875
