0.1 0.7 1 0.0010004043579101562 0.42578125
0.1 0.7 2 0.0010030269622802734 0.47265625
0.1 0.7 3 0.0009982585906982422 0.49609375
0.1 0.7 4 0.0029997825622558594 0.5625
0.1 0.7 5 0.004987239837646484 0.59375
0.1 0.7 6 0.009999752044677734 0.58203125
0.1 0.7 7 0.017995834350585938 0.6484375
0.1 0.7 8 0.0439913272857666 0.703125
0.1 0.7 9 0.10979914665222168 0.765625
0.1 0.7 10 0.4403965473175049 0.859375
0.1 0.7 11 1.4712553024291992 1.3671875
0.1 0.7 12 6.0921471118927 2.3515625
0.1 0.7 13 23.321004152297974 3.91015625
0.1 0.7 14 100.31463027000427 6.5
0.2 0.7 1 0.0011434555053710938 0.42578125
0.2 0.7 2 0.0009999275207519531 0.44140625
0.2 0.7 3 0.0029997825622558594 0.5703125
0.2 0.7 4 0.004011392593383789 0.609375
0.2 0.7 5 0.0069997310638427734 0.61328125
0.2 0.7 6 0.014139652252197266 0.59765625
0.2 0.7 7 0.03299903869628906 0.703125
0.2 0.7 8 0.07399964332580566 0.7734375
0.2 0.7 9 0.2490074634552002 0.80078125
0.2 0.7 10 0.7850122451782227 0.8984375
0.2 0.7 11 2.8830153942108154 1.65234375
0.2 0.7 12 11.049003601074219 2.65625
0.2 0.7 13 43.82200026512146 3.73046875
0.2 0.7 14 180.12502694129944 6.7109375
0.5 0.7 1 0.001844167709350586 0.578125
0.5 0.7 2 0.0029997825622558594 0.62109375
0.5 0.7 3 0.004999876022338867 0.6171875
0.5 0.7 4 0.006988525390625 0.55859375
0.5 0.7 5 0.015002727508544922 0.58984375
0.5 0.7 6 0.03499960899353027 0.62109375
0.5 0.7 7 0.06899857521057129 0.7578125
0.5 0.7 8 0.17301511764526367 0.765625
0.5 0.7 9 0.5481970310211182 0.828125
0.5 0.7 10 1.7655847072601318 1.12109375
0.5 0.7 11 6.749818563461304 2.14453125
0.5 0.7 12 26.90931797027588 2.9375
0.5 0.7 13 110.49902701377869 4.1484375
0.5 0.7 14 450.1821200847626 7.59765625
0.6 0.7 1 0.0020105838775634766 0.4453125
0.6 0.7 2 0.0029997825622558594 0.5
0.6 0.7 3 0.004999637603759766 0.47265625
0.6 0.7 4 0.008000373840332031 0.49609375
0.6 0.7 5 0.015999794006347656 0.5
0.6 0.7 6 0.034008026123046875 0.5390625
0.6 0.7 7 0.07400012016296387 0.68359375
0.6 0.7 8 0.20199894905090332 0.73046875
0.6 0.7 9 0.5919902324676514 0.73046875
0.6 0.7 10 2.0360031127929688 1.1640625
0.6 0.7 11 7.516027450561523 2.125
0.6 0.7 12 29.226007223129272 1.6484375
0.6 0.7 13 118.20201277732849 3.28515625
0.6 0.7 14 509.7284948825836 7.54296875
0.7 0.7 1 0.0019996166229248047 0.44921875
0.7 0.7 2 0.0030121803283691406 0.46484375
0.7 0.7 3 0.004999637603759766 0.546875
0.7 0.7 4 0.009000062942504883 0.4765625
0.7 0.7 5 0.01598811149597168 0.50390625
0.7 0.7 6 0.033986568450927734 0.53515625
0.7 0.7 7 0.08099007606506348 0.6953125
0.7 0.7 8 0.20601153373718262 0.73046875
0.7 0.7 9 0.6339948177337646 0.734375
0.7 0.7 10 2.2529993057250977 1.36328125
0.7 0.7 11 8.322027444839478 2.3046875
0.7 0.7 12 34.5180287361145 3.04296875
0.7 0.7 13 130.8489978313446 4.6328125
0.7 0.7 14 622.3336741924286 6.66796875
0.9 0.7 1 0.002000093460083008 0.44140625
0.9 0.7 2 0.004994392395019531 0.42578125
0.9 0.7 3 0.01500082015991211 0.43359375
0.9 0.7 4 0.02300119400024414 0.453125
0.9 0.7 5 0.05300140380859375 0.54296875
0.9 0.7 6 0.11990070343017578 0.625
0.9 0.7 7 0.2759993076324463 0.625
0.9 0.7 8 0.6029996871948242 0.62890625
0.9 0.7 9 1.3390271663665771 0.828125
0.9 0.7 10 2.9630110263824463 1.05859375
0.9 0.7 11 6.490026473999023 1.359375
0.9 0.7 12 14.17702317237854 1.22265625
0.9 0.7 13 31.182027339935303 1.55078125
0.9 0.7 14 68.94503402709961 1.93359375
