0.1 1 0.0019783973693847656 0.54296875
0.1 2 0.004000186920166016 0.5234375
0.1 3 0.00899958610534668 0.5078125
0.1 4 0.022013425827026367 0.484375
0.1 5 0.054000139236450195 0.55859375
0.1 6 0.11801338195800781 0.66796875
0.1 7 0.2649989128112793 0.64453125
0.1 8 0.618553876876831 0.69140625
0.1 9 1.3500254154205322 0.8515625
0.1 10 3.2701189517974854 1.3125
0.1 11 6.681985378265381 1.69921875
0.1 12 14.719308853149414 1.6640625
0.1 13 30.400025367736816 2.14453125
0.1 14 65.69800138473511 2.9609375
0.2 1 0.21248412132263184 0.5
0.2 2 0.003999948501586914 0.5078125
0.2 3 0.009999752044677734 0.49609375
0.2 4 0.02200007438659668 0.484375
0.2 5 0.05200004577636719 0.57421875
0.2 6 0.12401270866394043 0.66796875
0.2 7 0.26599836349487305 0.66015625
0.2 8 0.5879995822906494 0.6484375
0.2 9 1.3200149536132812 0.87890625
0.2 10 2.8359994888305664 1.4375
0.2 11 6.385027170181274 1.33203125
0.2 12 13.884024620056152 1.66015625
0.2 13 30.43802833557129 2.09375
0.2 14 63.39902639389038 2.984375
0.5 1 0.40200257301330566 0.51171875
0.5 2 0.004000186920166016 0.40234375
0.5 3 0.00899815559387207 0.51171875
0.5 4 0.023000478744506836 0.44140625
0.5 5 0.053011417388916016 0.55078125
0.5 6 0.11999917030334473 0.65625
0.5 7 0.2770121097564697 0.6875
0.5 8 0.6254758834838867 0.65234375
0.5 9 1.4553258419036865 0.84375
0.5 10 3.0270159244537354 1.5
0.5 11 6.905451536178589 1.5625
0.5 12 14.821476936340332 1.5859375
0.5 13 30.49992060661316 1.6875
0.5 14 64.14602637290955 2.14453125
0.6 1 0.001977682113647461 0.390625
0.6 2 0.003999948501586914 0.40234375
0.6 3 0.009000062942504883 0.421875
0.6 4 0.022995710372924805 0.4453125
0.6 5 0.051000118255615234 0.49609375
0.6 6 0.11700081825256348 0.703125
0.6 7 0.26800012588500977 0.5625
0.6 8 0.58998703956604 0.62890625
0.6 9 1.3319907188415527 0.65625
0.6 10 2.8920342922210693 1.0859375
0.6 11 6.481028318405151 1.17578125
0.6 12 13.60402250289917 1.15625
0.6 13 29.479783296585083 1.453125
0.6 14 65.07302618026733 2.23828125
0.7 1 0.0019991397857666016 0.40625
0.7 2 0.004000425338745117 0.3984375
0.7 3 0.00989222526550293 0.40625
0.7 4 0.021999359130859375 0.4140625
0.7 5 0.05200052261352539 0.45703125
0.7 6 0.11599850654602051 0.5625
0.7 7 0.26801013946533203 0.5625
0.7 8 0.6010119915008545 0.58984375
0.7 9 1.3381187915802002 0.7265625
0.7 10 2.941026449203491 1.04296875
0.7 11 6.319002628326416 1.22265625
0.7 12 14.201026201248169 1.1640625
0.7 13 30.22785258293152 1.55078125
0.7 14 74.53588461875916 1.59375
0.9 1 0.02299666404724121 0.40234375
0.9 2 0.004999637603759766 0.40234375
0.9 3 0.010000944137573242 0.42578125
0.9 4 0.021988630294799805 0.40234375
0.9 5 0.05198860168457031 0.48046875
0.9 6 0.11800026893615723 0.56640625
0.9 7 0.268902063369751 0.5859375
0.9 8 0.613011360168457 0.58984375
0.9 9 1.3780262470245361 0.7109375
0.9 10 3.0250275135040283 1.07421875
0.9 11 6.651310920715332 1.2578125
0.9 12 14.496021747589111 1.171875
0.9 13 32.69500017166138 2.08203125
0.9 14 69.32201552391052 1.796875
