0.1 0.5 1 0.0010056495666503906 0.41796875
0.1 0.5 2 0.0009996891021728516 0.45703125
0.1 0.5 3 0.002000570297241211 0.4609375
0.1 0.5 4 0.0019989013671875 0.56640625
0.1 0.5 5 0.0060117244720458984 0.59375
0.1 0.5 6 0.009000539779663086 0.56640625
0.1 0.5 7 0.01700448989868164 0.63671875
0.1 0.5 8 0.0409998893737793 0.6953125
0.1 0.5 9 0.1149895191192627 0.7734375
0.1 0.5 10 0.4581136703491211 0.8671875
0.1 0.5 11 1.621283769607544 1.3671875
0.1 0.5 12 6.198273181915283 2.3359375
0.1 0.5 13 22.482025623321533 3.82421875
0.1 0.5 14 100.48241591453552 6.4375
0.2 0.5 1 0.0008952617645263672 0.46875
0.2 0.5 2 0.0019998550415039062 0.4453125
0.2 0.5 3 0.002000093460083008 0.5625
0.2 0.5 4 0.003956794738769531 0.625
0.2 0.5 5 0.006999969482421875 0.609375
0.2 0.5 6 0.01399993896484375 0.5859375
0.2 0.5 7 0.03099966049194336 0.7109375
0.2 0.5 8 0.07200193405151367 0.77734375
0.2 0.5 9 0.24300193786621094 0.796875
0.2 0.5 10 0.7739999294281006 0.87109375
0.2 0.5 11 2.8860244750976562 1.8046875
0.2 0.5 12 10.911017656326294 2.625
0.2 0.5 13 44.054009437561035 4.06640625
0.2 0.5 14 185.97002530097961 6.83984375
0.5 0.5 1 0.002000570297241211 0.58984375
0.5 0.5 2 0.003000497817993164 0.59375
0.5 0.5 3 0.004999637603759766 0.58984375
0.5 0.5 4 0.006998300552368164 0.59765625
0.5 0.5 5 0.017113685607910156 0.6015625
0.5 0.5 6 0.029999971389770508 0.6171875
0.5 0.5 7 0.07599973678588867 0.765625
0.5 0.5 8 0.17499971389770508 0.85546875
0.5 0.5 9 0.5391900539398193 0.8125
0.5 0.5 10 1.7844676971435547 1.19921875
0.5 0.5 11 6.618531703948975 2.13671875
0.5 0.5 12 25.114147424697876 3.10546875
0.5 0.5 13 110.6620261669159 4.4453125
0.5 0.5 14 466.33213901519775 7.22265625
0.6 0.5 1 0.0019989013671875 0.4453125
0.6 0.5 2 0.0019998550415039062 0.51953125
0.6 0.5 3 0.005999565124511719 0.48828125
0.6 0.5 4 0.02200794219970703 0.4453125
0.6 0.5 5 0.05300021171569824 0.58203125
0.6 0.5 6 0.11798787117004395 0.64453125
0.6 0.5 7 0.2649989128112793 0.62890625
0.6 0.5 8 0.5969984531402588 0.63671875
0.6 0.5 9 1.3470218181610107 0.70703125
0.6 0.5 10 2.835014581680298 1.03515625
0.6 0.5 11 6.441025495529175 1.3203125
0.6 0.5 12 13.58802080154419 1.4921875
0.6 0.5 13 29.740027904510498 1.6640625
0.6 0.5 14 65.2760272026062 1.65234375
0.7 0.5 1 0.002001047134399414 0.4609375
0.7 0.5 2 0.0029993057250976562 0.51171875
0.7 0.5 3 0.009985923767089844 0.4453125
0.7 0.5 4 0.02300095558166504 0.43359375
0.7 0.5 5 0.051000356674194336 0.5390625
0.7 0.5 6 0.11898970603942871 0.625
0.7 0.5 7 0.27311253547668457 0.64453125
0.7 0.5 8 0.5970132350921631 0.62890625
0.7 0.5 9 1.325031042098999 0.82421875
0.7 0.5 10 2.939028739929199 1.078125
0.7 0.5 11 6.423013687133789 1.21875
0.7 0.5 12 13.713023662567139 1.1953125
0.7 0.5 13 30.177026987075806 1.171875
0.7 0.5 14 69.06956100463867 1.80078125
0.9 0.5 1 0.002011537551879883 0.49609375
0.9 0.5 2 0.004942655563354492 0.4140625
0.9 0.5 3 0.010000944137573242 0.4140625
0.9 0.5 4 0.022001028060913086 0.453125
0.9 0.5 5 0.051987648010253906 0.5546875
0.9 0.5 6 0.11900091171264648 0.625
0.9 0.5 7 0.28499674797058105 0.65234375
0.9 0.5 8 0.627997875213623 0.625
0.9 0.5 9 1.3710215091705322 0.82421875
0.9 0.5 10 2.937016248703003 1.29296875
0.9 0.5 11 6.549025297164917 1.34375
0.9 0.5 12 14.220998048782349 1.3984375
0.9 0.5 13 31.70700216293335 1.05859375
0.9 0.5 14 67.78099656105042 2.34765625
