0.1 0.1 1 0.000978231430053711 0.43359375
0.1 0.1 2 0.001010894775390625 0.4375
0.1 0.1 3 0.000988006591796875 0.421875
0.1 0.1 4 0.0019986629486083984 0.55078125
0.1 0.1 5 0.0050008296966552734 0.609375
0.1 0.1 6 0.007999658584594727 0.6171875
0.1 0.1 7 0.017000913619995117 0.73828125
0.1 0.1 8 0.04000091552734375 0.73046875
0.1 0.1 9 0.11387038230895996 0.7734375
0.1 0.1 10 0.4358084201812744 1.08984375
0.1 0.1 11 1.5160377025604248 1.24609375
0.1 0.1 12 6.101978540420532 2.48828125
0.1 0.1 13 22.790027856826782 3.61328125
0.1 0.1 14 99.45755124092102 6.4453125
0.2 0.1 1 0.0009996891021728516 0.41796875
0.2 0.1 2 0.001012563705444336 0.4296875
0.2 0.1 3 0.008999824523925781 0.50390625
0.2 0.1 4 0.021989107131958008 0.53515625
0.2 0.1 5 0.051000356674194336 0.6484375
0.2 0.1 6 0.11689305305480957 0.72265625
0.2 0.1 7 0.26600122451782227 0.71484375
0.2 0.1 8 0.6049950122833252 0.72265625
0.2 0.1 9 1.3610045909881592 0.91796875
0.2 0.1 10 2.9020280838012695 1.49609375
0.2 0.1 11 6.52801513671875 1.328125
0.2 0.1 12 14.052003860473633 1.74609375
0.2 0.1 13 29.7920241355896 1.8359375
0.2 0.1 14 64.53300070762634 2.296875
0.5 0.1 1 0.0019998550415039062 0.49609375
0.5 0.1 2 0.004013538360595703 0.52734375
0.5 0.1 3 0.011998414993286133 0.5078125
0.5 0.1 4 0.022989749908447266 0.546875
0.5 0.1 5 0.05401349067687988 0.63671875
0.5 0.1 6 0.12676095962524414 0.703125
0.5 0.1 7 0.28168725967407227 0.78515625
0.5 0.1 8 0.6423115730285645 0.7109375
0.5 0.1 9 1.4030039310455322 0.90625
0.5 0.1 10 3.0704052448272705 1.4765625
0.5 0.1 11 7.171911716461182 1.45703125
0.5 0.1 12 14.94734501838684 1.37890625
0.5 0.1 13 30.710999965667725 2.015625
0.5 0.1 14 66.87000346183777 2.76953125
0.6 0.1 1 0.0019998550415039062 0.39453125
0.6 0.1 2 0.004000425338745117 0.45703125
0.6 0.1 3 0.009997367858886719 0.4296875
0.6 0.1 4 0.023000478744506836 0.43359375
0.6 0.1 5 0.05199742317199707 0.5625
0.6 0.1 6 0.11798644065856934 0.625
0.6 0.1 7 0.2659788131713867 0.63671875
0.6 0.1 8 0.597010612487793 0.625
0.6 0.1 9 1.3570246696472168 0.8046875
0.6 0.1 10 2.9130215644836426 1.203125
0.6 0.1 11 6.2080161571502686 1.04296875
0.6 0.1 12 13.616002321243286 1.22265625
0.6 0.1 13 29.991000413894653 1.21484375
0.6 0.1 14 65.16200137138367 1.859375
0.7 0.1 1 0.0020041465759277344 0.390625
0.7 0.1 2 0.005000114440917969 0.41796875
0.7 0.1 3 0.010005474090576172 0.421875
0.7 0.1 4 0.023010730743408203 0.4921875
0.7 0.1 5 0.05200004577636719 0.54296875
0.7 0.1 6 0.11800026893615723 0.64453125
0.7 0.1 7 0.26400089263916016 0.671875
0.7 0.1 8 0.6020083427429199 0.65234375
0.7 0.1 9 1.3199894428253174 0.78125
0.7 0.1 10 2.8590004444122314 1.67578125
0.7 0.1 11 6.358001232147217 1.265625
0.7 0.1 12 13.77602243423462 1.23046875
0.7 0.1 13 29.287001848220825 1.125
0.7 0.1 14 67.82175207138062 1.84375
0.9 0.1 1 0.002000093460083008 0.40234375
0.9 0.1 2 0.0050127506256103516 0.40625
0.9 0.1 3 0.009999513626098633 0.4453125
0.9 0.1 4 0.023000240325927734 0.4609375
0.9 0.1 5 0.05299639701843262 0.546875
0.9 0.1 6 0.12200021743774414 0.6171875
0.9 0.1 7 0.2740018367767334 0.65625
0.9 0.1 8 0.6040105819702148 0.625
0.9 0.1 9 1.3410308361053467 0.78125
0.9 0.1 10 3.0220131874084473 1.1171875
0.9 0.1 11 6.55800724029541 1.42578125
0.9 0.1 12 14.616999864578247 1.19140625
0.9 0.1 13 30.36298966407776 1.1953125
0.9 0.1 14 66.73200249671936 2.33984375
