0.1 0.2 1 0.0010008811950683594 0.40234375
0.1 0.2 2 0.0019791126251220703 0.4296875
0.1 0.2 3 0.000993490219116211 0.41015625
0.1 0.2 4 0.001995563507080078 0.55078125
0.1 0.2 5 0.004999876022338867 0.58984375
0.1 0.2 6 0.00800013542175293 0.58984375
0.1 0.2 7 0.016994953155517578 0.6328125
0.1 0.2 8 0.03999924659729004 0.69140625
0.1 0.2 9 0.11299943923950195 0.7578125
0.1 0.2 10 0.4380006790161133 0.859375
0.1 0.2 11 1.5170612335205078 1.65625
0.1 0.2 12 6.036722183227539 2.1171875
0.1 0.2 13 22.792022705078125 3.85546875
0.1 0.2 14 100.39340329170227 6.48828125
0.2 0.2 1 0.0010008811950683594 0.4296875
0.2 0.2 2 0.0010008811950683594 0.42578125
0.2 0.2 3 0.0030002593994140625 0.57421875
0.2 0.2 4 0.0029993057250976562 0.60546875
0.2 0.2 5 0.006974697113037109 0.578125
0.2 0.2 6 0.015000104904174805 0.59765625
0.2 0.2 7 0.032000064849853516 0.75390625
0.2 0.2 8 0.07399868965148926 0.78515625
0.2 0.2 9 0.25000810623168945 0.74609375
0.2 0.2 10 0.7769999504089355 1.015625
0.2 0.2 11 2.8170268535614014 2.01171875
0.2 0.2 12 10.925004005432129 2.72265625
0.2 0.2 13 43.99101281166077 4.09375
0.2 0.2 14 181.18399310112 5.81640625
0.5 0.2 1 0.0019876956939697266 0.51171875
0.5 0.2 2 0.003999233245849609 0.50390625
0.5 0.2 3 0.00999760627746582 0.5078125
0.5 0.2 4 0.023999452590942383 0.5390625
0.5 0.2 5 0.052997589111328125 0.62890625
0.5 0.2 6 0.12203121185302734 0.71875
0.5 0.2 7 0.2929990291595459 0.71484375
0.5 0.2 8 0.6307892799377441 0.71484375
0.5 0.2 9 1.3919425010681152 0.96484375
0.5 0.2 10 3.098210096359253 1.453125
0.5 0.2 11 6.727946043014526 1.49609375
0.5 0.2 12 14.610269784927368 1.171875
0.5 0.2 13 29.858025074005127 1.7109375
0.5 0.2 14 65.78600525856018 2.46484375
0.6 0.2 1 0.0019998550415039062 0.38671875
0.6 0.2 2 0.005011796951293945 0.4453125
0.6 0.2 3 0.009999752044677734 0.40625
0.6 0.2 4 0.022997617721557617 0.43359375
0.6 0.2 5 0.051999807357788086 0.5390625
0.6 0.2 6 0.11800026893615723 0.625
0.6 0.2 7 0.2680094242095947 0.625
0.6 0.2 8 0.6020002365112305 0.59375
0.6 0.2 9 1.3349905014038086 0.71484375
0.6 0.2 10 2.8750288486480713 1.51953125
0.6 0.2 11 6.2730021476745605 1.41015625
0.6 0.2 12 13.419001579284668 1.328125
0.6 0.2 13 29.82200026512146 1.25
0.6 0.2 14 65.52399134635925 1.54296875
0.7 0.2 1 0.0020148754119873047 0.41015625
0.7 0.2 2 0.003999471664428711 0.40625
0.7 0.2 3 0.010000228881835938 0.41796875
0.7 0.2 4 0.022008180618286133 0.43359375
0.7 0.2 5 0.07098841667175293 0.5390625
0.7 0.2 6 0.1209869384765625 0.625
0.7 0.2 7 0.2669987678527832 0.65234375
0.7 0.2 8 0.6020004749298096 0.73046875
0.7 0.2 9 1.351027488708496 0.8203125
0.7 0.2 10 2.848998546600342 1.1640625
0.7 0.2 11 6.248002529144287 1.36328125
0.7 0.2 12 13.534000158309937 1.2265625
0.7 0.2 13 29.884028673171997 1.43359375
0.7 0.2 14 70.86648440361023 1.90625
0.9 0.2 1 0.002001047134399414 0.4140625
0.9 0.2 2 0.004879474639892578 0.41015625
0.9 0.2 3 0.009000301361083984 0.421875
0.9 0.2 4 0.023000240325927734 0.49609375
0.9 0.2 5 0.05304884910583496 0.55859375
0.9 0.2 6 0.1219792366027832 0.64453125
0.9 0.2 7 0.2739882469177246 0.6875
0.9 0.2 8 0.6240084171295166 0.69140625
0.9 0.2 9 1.3640029430389404 0.6640625
0.9 0.2 10 2.9390151500701904 1.06640625
0.9 0.2 11 6.450015068054199 1.1328125
0.9 0.2 12 15.411026239395142 1.2890625
0.9 0.2 13 31.282280445098877 1.0625
0.9 0.2 14 68.25102591514587 1.97265625
