0.1 0.9 1 0.0010235309600830078 0.4375
0.1 0.9 2 0.003016233444213867 0.4296875
0.1 0.9 3 0.0009975433349609375 0.42578125
0.1 0.9 4 0.002900838851928711 0.578125
0.1 0.9 5 0.006990909576416016 0.62890625
0.1 0.9 6 0.009000062942504883 0.62890625
0.1 0.9 7 0.018002748489379883 0.61328125
0.1 0.9 8 0.039986610412597656 0.6953125
0.1 0.9 9 0.1160123348236084 0.75390625
0.1 0.9 10 0.49399828910827637 0.86328125
0.1 0.9 11 1.54909086227417 1.3828125
0.1 0.9 12 6.1472084522247314 2.09765625
0.1 0.9 13 22.655027866363525 3.734375
0.1 0.9 14 91.73802351951599 6.80859375
0.2 0.9 1 0.0009992122650146484 0.43359375
0.2 0.9 2 0.0009996891021728516 0.43359375
0.2 0.9 3 0.0020012855529785156 0.59375
0.2 0.9 4 0.004000186920166016 0.59765625
0.2 0.9 5 0.0070002079010009766 0.6015625
0.2 0.9 6 0.014990568161010742 0.625
0.2 0.9 7 0.032000064849853516 0.70703125
0.2 0.9 8 0.07200026512145996 0.7734375
0.2 0.9 9 0.24801349639892578 0.73828125
0.2 0.9 10 0.7689962387084961 0.87109375
0.2 0.9 11 2.8350155353546143 1.77734375
0.2 0.9 12 11.317004680633545 2.546875
0.2 0.9 13 44.34900188446045 3.796875
0.2 0.9 14 178.5730221271515 6.98828125
0.5 0.9 1 0.002000570297241211 0.55859375
0.5 0.9 2 0.00398707389831543 0.56640625
0.5 0.9 3 0.0040094852447509766 0.58203125
0.5 0.9 4 0.008011341094970703 0.60546875
0.5 0.9 5 0.015038490295410156 0.5859375
0.5 0.9 6 0.030998706817626953 0.63671875
0.5 0.9 7 0.06699919700622559 0.75390625
0.5 0.9 8 0.17500042915344238 0.82421875
0.5 0.9 9 0.5405747890472412 0.875
0.5 0.9 10 1.8522727489471436 1.12890625
0.5 0.9 11 6.81587028503418 2.02734375
0.5 0.9 12 25.880475282669067 2.6640625
0.5 0.9 13 109.31402450285865 4.4265625
0.5 0.9 14 453.2321240857626 7.60767625
0.6 0.9 1 0.0019998550415039062 0.4765625
0.6 0.9 2 0.002986907958984375 0.47265625
0.6 0.9 3 0.004999637603759766 0.484375
0.6 0.9 4 0.007999897003173828 0.47265625
0.6 0.9 5 0.016000032424926758 0.5
0.6 0.9 6 0.0338435173034668 0.5546875
0.6 0.9 7 0.07499980926513672 0.67578125
0.6 0.9 8 0.18989133834838867 0.796875
0.6 0.9 9 0.6001195907592773 0.73828125
0.6 0.9 10 1.9780259132385254 1.2109375
0.6 0.9 11 7.553001642227173 2.1953125
0.6 0.9 12 28.89499282836914 2.8359375
0.6 0.9 13 115.88703322410583 4.2890625
0.6 0.9 14 493.25001549720764 7.58203125
0.7 0.9 1 0.002000093460083008 0.48828125
0.7 0.9 2 0.0029997825622558594 0.46875
0.7 0.9 3 0.0039997100830078125 0.51953125
0.7 0.9 4 0.009999513626098633 0.4765625
0.7 0.9 5 0.016001462936401367 0.52734375
0.7 0.9 6 0.0331418514251709 0.53515625
0.7 0.9 7 0.08012270927429199 0.66796875
0.7 0.9 8 0.20801162719726562 0.67578125
0.7 0.9 9 0.6361825466156006 0.73828125
0.7 0.9 10 2.203026294708252 1.5
0.7 0.9 11 8.224032878875732 1.96875
0.7 0.9 12 32.36502742767334 3.1171875
0.7 0.9 13 135.62500166893005 4.52734375
0.7 0.9 14 613.0158004760742 6.5234375
0.9 0.9 1 0.0019998550415039062 0.44921875
0.9 0.9 2 0.002905607223510742 0.49609375
0.9 0.9 3 0.006000041961669922 0.484375
0.9 0.9 4 0.009002208709716797 0.47265625
0.9 0.9 5 0.017998456954956055 0.58984375
0.9 0.9 6 0.03699970245361328 0.64453125
0.9 0.9 7 0.09200787544250488 0.67578125
0.9 0.9 8 0.2280130386352539 0.734375
0.9 0.9 9 0.7220010757446289 0.77734375
0.9 0.9 10 2.5390264987945557 1.34765625
0.9 0.9 11 9.743008613586426 2.2890625
0.9 0.9 12 36.93299674987793 3.08203125
0.9 0.9 13 147.96300148963928 4.828125
0.9 0.9 14 645.7352902889252 8.54296875
