0.1 1 0.0019927024841308594 0.546875
0.1 2 0.0010013580322265625 0.640625
0.1 3 0.0010001659393310547 0.5390625
0.1 4 0.0009992122650146484 0.58203125
0.1 5 0.002001523971557617 0.5859375
0.1 6 0.0010001659393310547 0.5625
0.1 7 0.002001047134399414 0.90625
0.1 8 0.0009996891021728516 1.5546875
0.1 9 0.003987789154052734 2.0390625
0.1 10 0.009998559951782227 16.1171875
0.1 11 0.03200101852416992 60.45703125
0.1 12 0.14001250267028809 230.80859375
0.1 13 0.49401283264160156 849.53125
0.1 14 2.1609957218170166 3967.87890625
0.2 1 0.007999420166015625 0.53125
0.2 2 0.0009999275207519531 0.54296875
0.2 3 0.0009999275207519531 0.5625
0.2 4 0.0019998550415039062 0.5625
0.2 5 0.001999378204345703 0.609375
0.2 6 0.0018754005432128906 0.5546875
0.2 7 0.002100229263305664 0.96875
0.2 8 0.001897573471069336 0.5625
0.2 9 0.004001140594482422 3.6640625
0.2 10 0.009000062942504883 15.06640625
0.2 11 0.028999805450439453 49.34765625
0.2 12 0.11700272560119629 248.0546875
0.2 13 0.4199979305267334 950.98828125
0.2 14 1.7749996185302734 3917.78125
0.5 1 0.002001047134399414 0.58203125
0.5 2 0.0009992122650146484 0.51953125
0.5 3 0.000993967056274414 0.5390625
0.5 4 0.0009942054748535156 0.45703125
0.5 5 0.001990795135498047 0.64453125
0.5 6 0.0010001659393310547 0.5703125
0.5 7 0.0019998550415039062 0.97265625
0.5 8 0.0019996166229248047 1.59375
0.5 9 0.002999544143676758 2.7109375
0.5 10 0.009000062942504883 14.34375
0.5 11 0.032001495361328125 44.703125
0.5 12 0.11598992347717285 246.4140625
0.5 13 0.5909998416900635 888.86328125
0.5 14 2.8836867809295654 3928.26171875
0.6 1 0.0009996891021728516 0.43359375
0.6 2 0.0019998550415039062 0.46875
0.6 3 0.0019855499267578125 0.46484375
0.6 4 0.001001596450805664 0.453125
0.6 5 0.0009996891021728516 0.4765625
0.6 6 0.0010001659393310547 0.453125
0.6 7 0.0020012855529785156 0.703125
0.6 8 0.0020012855529785156 0.68359375
0.6 9 0.0039997100830078125 3.94921875
0.6 10 0.00799703598022461 15.41796875
0.6 11 0.03400850296020508 45.14453125
0.6 12 0.13200116157531738 236.27734375
0.6 13 0.5310001373291016 853.0078125
0.6 14 2.2339978218078613 4090.61328125
0.7 1 0.002008199691772461 0.43359375
0.7 2 0.002000093460083008 0.4453125
0.7 3 0.0009999275207519531 0.45703125
0.7 4 0.0010006427764892578 0.453125
0.7 5 0.0010006427764892578 0.4765625
0.7 6 0.0009999275207519531 0.6015625
0.7 7 0.002000093460083008 0.70703125
0.7 8 0.002001523971557617 1.453125
0.7 9 0.0029954910278320312 3.5625
0.7 10 0.00899958610534668 15.625
0.7 11 0.03201150894165039 52.4609375
0.7 12 0.12098813056945801 255.98828125
0.7 13 0.6060030460357666 900.31640625
0.7 14 4.502027988433838 3549.83984375
0.9 1 0.0009996891021728516 0.42578125
0.9 2 0.0009999275207519531 0.4375
0.9 3 0.0010008811950683594 0.46875
0.9 4 0.0010006427764892578 0.46875
0.9 5 0.000997304916381836 0.4765625
0.9 6 0.0020101070404052734 0.48046875
0.9 7 0.0009999275207519531 0.70703125
0.9 8 0.002999544143676758 0.453125
0.9 9 0.003000497817993164 3.59765625
0.9 10 0.00899815559387207 15.88671875
0.9 11 0.031002283096313477 55.71875
0.9 12 0.12100052833557129 238.75390625
0.9 13 0.4629979133605957 875.28515625
0.9 14 2.5549991130828857 3932.17578125
