0.1 0.6 1 0.0009996891021728516 0.421875
0.1 0.6 2 0.0020008087158203125 0.44921875
0.1 0.6 3 0.0010116100311279297 0.44140625
0.1 0.6 4 0.0019998550415039062 0.546875
0.1 0.6 5 0.004997730255126953 0.5859375
0.1 0.6 6 0.00899958610534668 0.58984375
0.1 0.6 7 0.017051219940185547 0.70703125
0.1 0.6 8 0.0410923957824707 0.7109375
0.1 0.6 9 0.1190035343170166 0.7734375
0.1 0.6 10 0.4609975814819336 0.8515625
0.1 0.6 11 1.5644776821136475 1.2109375
0.1 0.6 12 6.172887325286865 2.51953125
0.1 0.6 13 22.979027032852173 2.7890625
0.1 0.6 14 100.92862701416016 6.7265625
0.2 0.6 1 0.0009999275207519531 0.42578125
0.2 0.6 2 0.0010006427764892578 0.484375
0.2 0.6 3 0.0030117034912109375 0.55859375
0.2 0.6 4 0.003999471664428711 0.58203125
0.2 0.6 5 0.006989717483520508 0.6015625
0.2 0.6 6 0.015000581741333008 0.58203125
0.2 0.6 7 0.03199934959411621 0.7109375
0.2 0.6 8 0.07300066947937012 0.7734375
0.2 0.6 9 0.2589988708496094 0.73046875
0.2 0.6 10 0.7769999504089355 0.98828125
0.2 0.6 11 2.8300280570983887 1.80078125
0.2 0.6 12 11.06902527809143 2.44921875
0.2 0.6 13 44.245004415512085 2.66015625
0.2 0.6 14 180.5249903202057 5.921875
0.5 0.6 1 0.0029964447021484375 0.57421875
0.5 0.6 2 0.002900362014770508 0.5625
0.5 0.6 3 0.004999637603759766 0.62109375
0.5 0.6 4 0.008001089096069336 0.64453125
0.5 0.6 5 0.015999794006347656 0.609375
0.5 0.6 6 0.029999494552612305 0.62890625
0.5 0.6 7 0.06801223754882812 0.765625
0.5 0.6 8 0.17400860786437988 0.83203125
0.5 0.6 9 0.5446226596832275 0.82421875
0.5 0.6 10 1.933084487915039 1.16015625
0.5 0.6 11 6.637027978897095 1.90234375
0.5 0.6 12 26.429898023605347 3.18359375
0.5 0.6 13 113.34817314147949 4.48046875
0.5 0.6 14 454.01815152168274 7.40625
0.6 0.6 1 0.002000570297241211 0.44921875
0.6 0.6 2 0.002000093460083008 0.49609375
0.6 0.6 3 0.003999233245849609 0.47265625
0.6 0.6 4 0.008999109268188477 0.48046875
0.6 0.6 5 0.016000032424926758 0.5625
0.6 0.6 6 0.03499650955200195 0.53515625
0.6 0.6 7 0.07701349258422852 0.69140625
0.6 0.6 8 0.19700288772583008 0.734375
0.6 0.6 9 0.6040136814117432 0.76171875
0.6 0.6 10 1.9920344352722168 1.05859375
0.6 0.6 11 7.587028980255127 2.125
0.6 0.6 12 29.19898772239685 2.703125
0.6 0.6 13 117.4410011768341 4.4921875
0.6 0.6 14 490.18099904060364 7.66796875
0.7 0.6 1 0.002000570297241211 0.44921875
0.7 0.6 2 0.0029976367950439453 0.46484375
0.7 0.6 3 0.010000228881835938 0.40625
0.7 0.6 4 0.022998809814453125 0.44140625
0.7 0.6 5 0.05300188064575195 0.5859375
0.7 0.6 6 0.11800003051757812 0.62890625
0.7 0.6 7 0.26601147651672363 0.765625
0.7 0.6 8 0.6031339168548584 0.625
0.7 0.6 9 1.31302809715271 0.71875
0.7 0.6 10 2.9190282821655273 1.1796875
0.7 0.6 11 6.267002582550049 1.30078125
0.7 0.6 12 13.746998071670532 1.71875
0.7 0.6 13 29.417026042938232 1.1171875
0.7 0.6 14 70.5423858165741 1.9296875
0.9 0.6 1 0.002000093460083008 0.48828125
0.9 0.6 2 0.0039997100830078125 0.40625
0.9 0.6 3 0.010001420974731445 0.3984375
0.9 0.6 4 0.023000001907348633 0.43359375
0.9 0.6 5 0.053998708724975586 0.5390625
0.9 0.6 6 0.1289992332458496 0.64453125
0.9 0.6 7 0.2740037441253662 0.6640625
0.9 0.6 8 0.6260132789611816 0.65234375
0.9 0.6 9 1.32802152633667 0.75390625
0.9 0.6 10 3.1360318660736084 1.0859375
0.9 0.6 11 6.493016242980957 1.2265625
0.9 0.6 12 14.352021932601929 1.16796875
0.9 0.6 13 31.085004806518555 1.3828125
0.9 0.6 14 68.35051941871643 2.12890625
