10 0.022005558013916016 0.3046875
20 0.017011642456054688 0.53515625
30 0.025000810623168945 0.734375
50 0.0770106315612793 1.75
70 0.09401106834411621 2.30859375
100 0.20400047302246094 3.07421875
120 0.306396484375 4.5859375
150 0.5610053539276123 4.078125
180 0.8658998012542725 7.33203125
200 1.2268853187561035 8.609375
300 3.7615697383880615 16.50390625
400 8.404138565063477 23.58203125
500 16.598569631576538 36.1640625
600 27.74942708015442 52.09765625
700 42.7189302444458 68.51171875
800 64.46780920028687 87.29296875
900 86.07505440711975 110.796875
1000 111.92498874664307 133.015625
1100 151.3970148563385 158.80859375
1200 203.70507788658142 187.859375
1300 256.87976908683777 217.796875
1500 396.1687662601471 235.8515625
