10 1 0 0.2149515151977539 0.46875
10 2 0 0.006000518798828125 0.45703125
10 2 1 0.050226449966430664 0.53125
10 3 0 0.005979299545288086 0.3828125
10 3 1 0.008999347686767578 0.59375
10 3 2 0.005999565124511719 0.71875
10 4 0 0.0060002803802490234 0.3984375
10 4 1 0.011999845504760742 1.0546875
10 4 2 0.019994497299194336 1.16015625
10 4 3 0.026999235153198242 1.09765625
10 5 0 0.0069997310638427734 0.24609375
10 5 1 0.08812189102172852 3.43359375
10 5 2 0.178999662399292 4.05078125
10 5 3 0.28890299797058105 3.69921875
10 5 4 0.3788611888885498 4.30078125
10 6 0 0.007999658584594727 0.4375
10 6 1 2.1420042514801025 13.16796875
10 6 2 5.266985654830933 13.09375
10 6 3 6.942997217178345 13.140625
10 6 4 9.802889108657837 15.88671875
10 7 0 0.01399850845336914 0.46875
10 7 1 44.48698806762695 160.15625
10 7 2 87.010000705719 154.62890625
10 7 3 142.38199925422668 155.625
10 7 4 168.3919713497162 110.796875
20 1 0 0.011999845504760742 0.48046875
20 2 0 0.00999903678894043 0.390625
20 2 1 0.00599980354309082 0.5859375
20 3 0 0.01101064682006836 0.37890625
20 3 1 0.011214971542358398 0.6953125
20 3 2 0.007999420166015625 0.7265625
20 4 0 0.010999917984008789 0.453125
20 4 1 0.013998985290527344 1.15625
20 4 2 0.019998788833618164 1.1953125
20 4 3 0.030021190643310547 1.1015625
20 5 0 0.01078176498413086 0.47265625
20 5 1 0.08299970626831055 3.12890625
20 5 2 0.18999743461608887 3.86328125
20 5 3 0.2909989356994629 3.90625
20 5 4 0.3909878730773926 4.1328125
20 6 0 0.012999773025512695 0.55859375
20 6 1 2.1800010204315186 13.95703125
20 6 2 4.6209869384765625 14.28125
20 6 3 6.924988508224487 14.2578125
20 6 4 9.405999183654785 21.9140625
20 7 0 0.022983789443969727 0.453125
20 7 1 44.52599549293518 90.32421875
20 7 2 83.49299836158752 90.58984375
20 7 3 128.55699944496155 118.67578125
20 7 4 162.46098637580872 145.86328125
30 1 0 0.013998985290527344 0.55078125
30 2 0 0.016998767852783203 0.55859375
30 2 1 0.00699925422668457 0.53125
30 3 0 0.018998146057128906 0.44140625
30 3 1 0.011995315551757812 0.9296875
30 3 2 0.009999752044677734 0.8203125
30 4 0 0.017005205154418945 0.5234375
30 4 1 0.01999950408935547 1.28125
30 4 2 0.04300093650817871 1.34375
30 4 3 0.058000802993774414 1.36328125
30 5 0 0.01700115203857422 0.49609375
30 5 1 0.13899946212768555 4.21875
30 5 2 0.17099785804748535 4.86328125
30 5 3 0.3229973316192627 2.94140625
30 5 4 0.4829995632171631 3.9375
30 6 0 0.02199697494506836 0.4296875
30 6 1 3.544002056121826 14.80859375
30 6 2 6.725999593734741 14.75
30 6 3 9.015000104904175 15.03515625
30 6 4 14.243000507354736 15.58984375
30 7 0 0.04100155830383301 0.69921875
30 7 1 63.026997566223145 132.1015625
30 7 2 114.35099625587463 140.2109375
30 7 3 175.39200282096863 159.87109375
30 7 4 238.33599758148193 159.1484375
40 6 0 0.025002717971801758 0.5703125
40 6 1 2.436986207962036 15.75
40 6 2 4.796994686126709 15.71875
40 6 3 7.249986886978149 15.77734375
40 6 4 9.364987134933472 15.90234375
40 7 0 0.0408320426940918 0.49609375
40 7 1 42.620994329452515 96.03515625
40 7 2 83.55990505218506 100.25
40 7 3 126.55699968338013 114.37890625
40 7 4 167.98798608779907 101.76171875
50 6 0 0.029999732971191406 0.78515625
50 6 1 2.336986541748047 16.6328125
50 6 2 4.684998512268066 16.5625
50 6 3 7.064997673034668 16.69921875
50 6 4 9.50899887084961 16.7265625
50 7 0 0.051000118255615234 0.578125
50 7 1 43.33582353591919 99.46875
50 7 2 83.70432639122009 119.5859375
50 7 3 125.96499061584473 143.4453125
50 7 4 164.28996777534485 117.5859375
70 6 0 0.03900003433227539 0.85546875
70 6 1 2.2919859886169434 17.94921875
70 6 2 4.643987655639648 18.24609375
70 6 3 6.950998783111572 18.16796875
70 6 4 9.711000204086304 18.10546875
70 7 0 0.06300067901611328 0.5625
70 7 1 47.14699864387512 107.27734375
70 7 2 84.194988489151 105.73046875
70 7 3 126.95699572563171 161.203125
70 7 4 169.0274908542633 112.11328125
90 6 0 0.06600022315979004 0.796875
90 6 1 2.56897234916687 19.5859375
90 6 2 4.855987548828125 19.56640625
90 6 3 7.07898736000061 19.7265625
90 6 4 9.483526229858398 19.90234375
90 7 0 0.07798933982849121 1.06640625
90 7 1 43.05298686027527 151.18359375
